1
1
2
2
3
4
4
5
5
6
6
7
8
9
10
10
11
11
12
12
13
14
14
15
16
16
17
17
18
18
19
19
20
20
21
22
22
24
24
25
26
28
28
29
29
30
30
31
32
32
33
34
34
35
35
36
36
37
37
38
38
39
40
40
42
42
43
44
44
46
46
47
47
48
48
49
49
50
50
51
52
52
53
54
54
55
56
56
57
58
58
59
59
60
60
61
61
62
62
63
63
64
64
65
65
66
66
67
68
68
70
70
71
72
74
74
75
76
78
78
80
81
82
82
83
83
84
84
85
86
86
87
88
88
89
89
90
90
91
91
92
92
93
94
94
96
96
97
98
98
100
100
101
101
102
102
103
103
104
104
105
106
106
107
108
108
109
110
110
111
112
112
113
113
114
114
115
115
116
116
117
117
118
118
119
119
120
120
121
122
122
124
124
126
127
128
128
129
130
130
132
132
133
134
136
136
137
137
138
138
139
139
140
140
141
142
142
143
144
144
145
146
146
147
148
148
149
149
150
150
151
151
152
152
153
153
154
154
155
155
156
156
157
158
159
160
160
161
162
162
164
164
165
166
167
168
168
169
170
170
172
172
173
173
174
174
175
175
176
176
177
177
178
178
179
179
180
180
181
182
182
183
184
184
185
186
186
187
188
188
189
190
190
191
192
192
193
194
194
195
196
196
197
197
198
198
199
199
200
200
201
201
202
202
203
203
204
204
205
205
206
206
207
207
208
208
209
209
210
210
211
211
212
212
213
214
214
216
216
217
218
220
220
221
222
222
224
224
226
228
228
229
230
230
232
232
233
234
236
236
237
238
240
240
242
244
244
245
245
246
246
247
248
248
249
250
250
251
251
252
252
253
253
254
254
255
256
256
258
258
259
260
260
262
262
263
263
264
264
265
265
266
266
267
268
268
269
270
270
271
272
272
273
274
274
275
275
276
276
277
277
278
278
279
279
280
280
281
281
282
282
283
284
284
286
286
287
288
290
290
291
292
292
294
294
296
297
298
298
299
299
300
300
301
301
302
302
303
304
304
305
306
306
307
308
308
309
310
310
311
311
312
312
313
313
314
314
315
315
316
316
317
317
318
318
319
320
321
322
322
323
324
324
326
326
327
328
329
330
330
331
332
332
334
334
335
335
336
336
337
337
338
338
339
339
340
340
341
341
342
342
343
344
344
345
346
346
347
348
348
349
350
350
351
352
352
353
354
354
355
356
356
357
358
358
359
359
360
360
361
361
362
362
363
363
364
364
365
365
366
366
367
367
368
368
369
369
370
370
371
371
372
372
373
373
374
374
375
376
376
378
378
379
380
382
382
383
384
384
386
386
388
390
390
391
392
392
394
394
395
396
398
398
399
400
400
402
402
404
406
406
407
407
408
408
409
409
410
410
411
412
412
413
414
414
415
416
416
417
418
418
419
419
420
420
421
421
422
422
423
423
424
424
425
425
426
426
427
428
428
430
430
431
432
433
434
434
435
436
436
438
438
439
440
441
442
442
443
443
444
444
445
445
446
446
447
447
448
448
449
449
450
450
451
452
452
453
454
454
455
456
456
457
458
458
459
460
460
461
462
462
463
464
464
465
466
466
467
467
468
468
469
469
470
470
471
471
472
472
473
473
474
474
475
475
476
476
477
477
478
478
479
479
480
480
481
481
482
482
483
484
484
486
486
488
489
490
490
491
492
492
494
494
495
496
498
498
499
500
500
502
502
503
504
506
506
507
508
508
510
510
511
512
514
514
515
515
516
516
517
517
518
518
519
519
520
520
521
521
522
522
523
524
524
525
526
526
527
528
528
529
530
530
531
532
532
533
534
534
535
536
536
537
538
538
539
539
540
540
541
541
542
542
543
543
544
544
545
545
546
546
547
547
548
548
549
549
550
550
551
551
552
552
553
553
554
554
555
556
557
558
558
559
560
560
562
562
563
564
564
566
566
567
568
568
570
570
571
572
573
574
574
575
576
576
578
578
579
580
580
582
582
583
584
584
586
586
587
587
588
588
589
589
590
590
591
591
592
592
593
593
594
594
595
595
596
596
597
597
598
598
599
599
600
600
601
601
602
602
603
604
604
605
606
606
607
608
608
609
610
610
611
612
612
613
614
614
615
616
616
617
618
618
619
620
620
621
622
622
623
624
624
625
626
626
627
628
628
629
630
630
631
632
632
633
634
634
635
635
636
636
637
637
638
638
639
639
640
640
641
641
642
642
643
643
644
644
645
645
646
646
647
647
648
648
649
649
650
650
651
651
652
652
653
653
654
654
655
655
656
656
657
657
658
658
659
659
660
660
661
661
662
662
663
663
664
664
665
665
666
666
667
668
668
670
670
671
672
674
674
675
676
676
678
678
680
682
682
683
684
684
686
686
688
690
690
691
692
694
694
696
698
698
699
700
700
702
702
703
704
706
706
707
708
710
710
712
714
714
715
716
716
718
718
720
722
722
723
724
726
726
728
